00000000000000000000000000000000000000
00000000000000000000000000000000000000
00000000000000000000000000000000000000
00000000000000000001000000000000000000
20020000000000000000000000000000000000
20000000100000000000020200000000000000
20000000000000000000000000000000000000
00000000000000000000020200000000000000
00000000000000000000000000000000000000
00000000000000000000020200000000000000
20000000000000000000000000000000000000
00000020000000000000000000000000000000
00000002000101010100000000000000000000
00000100000000000000000000000000000000
00000000100000000001100000000000000000
00000000000000000000000000000000000000
00000000000000000000000000000000000000
00000000000000000000000000000000000000
00000010101000000000000000000000000000
00000000000000000000000000000000000000
00000000000000000000000000000000000000
00000000000000000000000000000000000000
