0000000000000000000000001000000000000
0000000000000000000000000000000000000
0000001000000000000000000000000000000
0000000000000000000000000000000000000
0000000000000000000000000001000000020
0000000000000000000000000000000000000
0000000000000000000000100001000100000
0000000000000000000000000000000000000
0000000000020000000000000000000000000
0000000000000000000100100000000000020
0000000000000000000000000000000000000
0000000000000000000000000000000000000
0022220000001001000000000000000000000
0000000000000000000000000000000000000
0000000000000000000000000000000000000
0000000000000000000000000000000000000
